fold: 10
params:
  booster: dart
  colsample_bytree: 0.44442679104045424
  gamma: 0.07361716094628554
  learning_rate: 0.05
  max_depth: 2
  min_child_weight: 5
  n_estimators: 2500
  n_jobs: -1
  objective: binary:logistic
  reg_alpha: 0.3916028672163949
  reg_lambda: 0.8398892426801621
  subsample: 0.8708229999183839
path: res/models/
name: 10fold_xgboost_dart.pkl
early_stopping_rounds: 200
search: False
seed: 42
verbose: 500
